FrameIndex,GetImageDuration_ms,UploadDrawDuration_ms,FlipDuration_ms,TotalLoopDuration_ms,SwapTimestamp_sec,InterFrameInterval_ms
0,0.001197,3.358641,0.112093,3.471931,13700.992103,N/A
1,0.000883,3.379722,0.128054,3.508659,13700.995623,3.520256
2,0.000859,3.369288,0.136178,3.506325,13700.999140,3.516592
3,0.000959,3.347765,0.067228,3.415952,13701.002566,3.426224
4,0.000878,3.356823,0.065900,3.423601,13701.006000,3.433647
5,0.000946,3.371478,0.075499,3.447923,13701.009462,3.462624
6,0.000876,3.368122,0.071191,3.440189,13701.012912,3.450108
7,0.000891,3.344317,0.152680,3.497888,13701.016420,3.507690
8,0.000994,3.371856,0.094041,3.466891,13701.019897,3.476991
9,0.000991,3.385027,0.139841,3.525859,13701.023434,3.536545
10,0.000893,3.376473,0.098196,3.475562,13701.026919,3.485538
11,0.000876,3.383429,0.140103,3.524408,13701.030453,3.534189
12,0.000912,3.502793,0.187596,3.691301,13701.034154,3.700773
13,0.002682,3.516899,0.134000,3.653581,13701.037824,3.670155
14,0.001114,3.409769,0.136722,3.547605,13701.041385,3.560490
15,0.000828,3.395179,0.105274,3.501281,13701.044897,3.512485
16,0.001707,3.387187,0.136892,3.525786,13701.048433,3.535451
17,0.000893,3.377031,0.097634,3.475558,13701.051919,3.485888
18,0.001221,3.379025,0.134424,3.514670,13701.055443,3.524448
19,0.000827,3.382499,0.067834,3.451160,13701.058904,3.461009
20,0.000852,3.380193,0.138121,3.519166,13701.062433,3.528828
21,0.001263,3.379111,0.096254,3.476628,13701.065919,3.486483
22,0.000874,3.377477,0.135091,3.513442,13701.069442,3.522942
23,0.000856,3.380946,0.066827,3.448629,13701.072900,3.458248
24,0.001133,3.377418,0.143198,3.521749,13701.076432,3.531519
25,0.000984,3.375099,0.097546,3.473629,13701.079916,3.483772
26,0.000826,3.371071,0.146504,3.518401,13701.083444,3.528410
27,0.000815,3.372115,0.093293,3.466223,13701.086920,3.475426
28,0.000921,3.380610,0.140544,3.522075,13701.090451,3.531335
29,0.001186,3.380670,0.066750,3.448606,13701.093909,3.457942
30,0.000918,3.376104,0.135552,3.512574,13701.097431,3.521888
31,0.000892,3.376112,0.094252,3.471256,13701.100911,3.480459
32,0.001366,3.375429,0.137186,3.513981,13701.104435,3.523374
33,0.000868,3.377056,0.100492,3.478416,13701.107923,3.488211
34,0.000819,3.376213,0.138651,3.515683,13701.111448,3.525631
35,0.000792,3.376370,0.066482,3.443644,13701.114902,3.453439
36,0.000767,3.369922,0.133956,3.504645,13701.118416,3.513933
37,0.000983,3.376226,0.117779,3.494988,13701.121920,3.504290
38,0.000805,3.380661,0.110909,3.492375,13701.125422,3.501871
39,0.000910,3.374612,0.104987,3.480509,13701.128912,3.489810
40,0.000939,3.374315,0.123474,3.498728,13701.132420,3.507864
41,0.000930,3.515770,0.163973,3.680673,13701.136111,3.691094
42,0.002094,3.460605,0.139884,3.602583,13701.139731,3.620115
43,0.001027,3.351209,0.135509,3.487745,13701.143230,3.499243
44,0.000946,3.372075,0.118111,3.491132,13701.146731,3.500968
45,0.001285,3.351123,0.123658,3.476066,13701.150217,3.485691
46,0.000908,3.335495,0.124662,3.461065,13701.153687,3.470649
47,0.001336,3.394835,0.120075,3.516246,13701.157213,3.525675
48,0.000948,3.368259,0.128445,3.497652,13701.160720,3.507257
49,0.000785,3.384510,0.124675,3.509970,13701.164240,3.519865
50,0.000871,3.365924,0.122637,3.489432,13701.167739,3.499061
51,0.000880,3.371644,0.092437,3.464961,13701.171214,3.474454
52,0.000800,3.365111,0.123531,3.489442,13701.174713,3.498815
53,0.001191,3.359995,0.120458,3.481644,13701.178205,3.492226
54,0.000792,3.372433,0.124433,3.497658,13701.181712,3.507253
55,0.000830,3.365161,0.119893,3.485884,13701.185207,3.495199
56,0.001015,3.371293,0.124406,3.496714,13701.188713,3.506003
57,0.000940,3.372615,0.126295,3.499850,13701.192222,3.509195
58,0.000826,3.367592,0.122949,3.491367,13701.195723,3.500851
59,0.000851,3.334939,0.119514,3.455304,13701.199188,3.464882
60,0.000857,3.365370,0.119351,3.485578,13701.202683,3.494769
61,0.000841,13.201203,0.335348,13.537392,13701.216230,13.546910
62,0.000770,3.340048,0.138068,3.478886,13701.219718,3.488568
63,0.000889,3.361866,0.136364,3.499119,13701.223227,3.508763
64,0.001056,3.392097,0.137859,3.531012,13701.226768,3.540640
65,0.000864,3.379686,0.140190,3.520740,13701.230299,3.531245
66,0.000857,3.359936,0.142231,3.503024,13701.233812,3.512534
67,0.000812,3.502241,0.189394,3.692447,13701.237514,3.701960
68,0.002592,3.446069,0.124150,3.572811,13701.241106,3.592623
69,0.000825,3.379488,0.141631,3.521944,13701.244638,3.532150
70,0.000863,3.377544,0.137380,3.515787,13701.248164,3.525436
71,0.000853,3.370323,0.139677,3.510853,13701.251684,3.520277
72,0.000980,3.386952,0.138517,3.526449,13701.255220,3.535677
73,0.000836,3.370664,0.073776,3.445276,13701.258674,3.454758
74,0.000801,3.380163,0.138776,3.519740,13701.262203,3.529011
75,0.000843,3.373067,0.136512,3.510422,13701.265723,3.519813
76,0.000820,3.364057,0.136986,3.501863,13701.269234,3.511094
77,0.000969,3.373712,0.147161,3.521842,13701.272768,3.533661
78,0.000840,3.377428,0.136251,3.514519,13701.276292,3.523997
79,0.000801,3.375693,0.138190,3.514684,13701.279816,3.524053
80,0.000934,3.383228,0.133206,3.517368,13701.283343,3.526682
81,0.001169,3.376424,0.136311,3.513904,13701.286866,3.523260
82,0.000869,3.379101,0.135952,3.515922,13701.290391,3.525291
83,0.000791,3.380174,0.104412,3.485377,13701.293886,3.494629
84,0.000789,3.379216,0.137908,3.517913,13701.297413,3.527152
85,0.000764,3.367926,0.104875,3.473565,13701.300896,3.482830
86,0.000781,3.385207,0.138524,3.524512,13701.304430,3.533804
87,0.000818,3.377430,0.097083,3.475331,13701.307915,3.484785
88,0.001240,3.391419,0.139100,3.531759,13701.311455,3.540968
89,0.000866,3.379872,0.065614,3.446352,13701.314911,3.455851
90,0.000793,3.379090,0.134809,3.514692,13701.318435,3.524046
91,0.000869,3.379343,0.093999,3.474211,13701.321919,3.483645
92,0.000726,3.387253,0.093935,3.481914,13701.325410,3.491328
93,0.000837,3.364391,0.105219,3.470447,13701.328892,3.481959
94,0.000873,3.384700,0.136903,3.522476,13701.332424,3.531750
95,0.000783,3.376529,0.094631,3.471943,13701.335906,3.481807
96,0.000924,3.560601,0.179214,3.740739,13701.339656,3.750043
97,0.002116,3.415689,0.138571,3.556376,13701.343230,3.573939
98,0.000864,3.380299,0.135474,3.516637,13701.346757,3.527141
99,0.000822,3.385308,0.148419,3.534549,13701.350301,3.543860
100,0.000840,3.368138,0.137724,3.506702,13701.353817,3.516228
101,0.000860,3.383589,0.135663,3.520112,13701.357347,3.529447
102,0.000833,3.382716,0.139303,3.522852,13701.360879,3.532312
103,0.000844,3.391806,0.135364,3.528014,13701.364416,3.537182
104,0.000902,3.377180,0.093667,3.471749,13701.367897,3.481023
105,0.000894,3.382262,0.146513,3.529669,13701.371436,3.538989
106,0.000848,3.373604,0.092770,3.467222,13701.374913,3.476785
107,0.000869,3.381547,0.155081,3.537497,13701.378460,3.546722
108,0.000712,3.370611,0.065020,3.436343,13701.381905,3.445783
109,0.000813,3.378997,0.140414,3.520224,13701.385438,3.532758
110,0.000777,3.377229,0.093971,3.471977,13701.388919,3.481273
111,0.000809,3.371402,0.139144,3.511355,13701.392440,3.520845
112,0.001096,3.374126,0.093429,3.468651,13701.395918,3.478065
113,0.000741,3.385842,0.137300,3.523883,13701.399451,3.533102
114,0.000881,3.369029,0.064436,3.434346,13701.402895,3.443768
115,0.000836,3.391796,0.144673,3.537305,13701.406442,3.546618
116,0.001062,3.380414,0.064865,3.446341,13701.409897,3.455633
117,0.000821,3.381766,0.143698,3.526285,13701.413433,3.535523
118,0.000971,3.373313,0.093707,3.467991,13701.416910,3.477331
119,0.000794,3.372604,0.135896,3.509294,13701.420429,3.519103
120,0.001148,3.378002,0.093679,3.472829,13701.423912,3.482199
121,0.000871,3.368485,0.139638,3.508994,13701.427430,3.518302
122,0.000833,3.368292,0.095511,3.464636,13701.430904,3.473918
123,0.001059,3.382325,0.145006,3.528390,13701.434442,3.537831
124,0.000804,3.379787,0.067352,3.447943,13701.437899,3.457615
125,0.000804,5.648987,0.407157,6.056948,13701.443965,6.066258
126,0.002546,3.527458,0.155494,3.685498,13701.447670,3.704241
127,0.001287,3.405469,0.138111,3.544867,13701.451227,3.557691
128,0.001057,3.387417,0.136645,3.525119,13701.454763,3.535327
129,0.000987,3.384202,0.140838,3.526027,13701.458304,3.541031
130,0.000881,3.377606,0.139481,3.517968,13701.461831,3.527720
131,0.000812,3.379702,0.140853,3.521367,13701.465362,3.530699
132,0.000796,3.385384,0.132015,3.518195,13701.468890,3.527741
133,0.000838,3.383367,0.139215,3.523420,13701.472423,3.532908
134,0.000817,3.374598,0.098896,3.474311,13701.475907,3.483883
135,0.000749,3.383978,0.137761,3.522488,13701.479439,3.531901
136,0.001284,3.394324,0.066093,3.461701,13701.482910,3.471366
137,0.001180,3.394080,0.140992,3.536252,13701.486456,3.545886
138,0.000780,3.379170,0.066558,3.446508,13701.489912,3.455977
139,0.000910,3.388428,0.138836,3.528174,13701.493449,3.537630
140,0.000813,3.371151,0.065466,3.437430,13701.496897,3.447284
141,0.000882,3.385390,0.158354,3.544626,13701.500451,3.554064
142,0.000758,3.379321,0.066178,3.446257,13701.503907,3.455753
143,0.000772,3.375133,0.137393,3.513298,13701.507429,3.522659
144,0.001000,3.375434,0.098029,3.474463,13701.510913,3.483772
145,0.000871,3.380981,0.146328,3.528180,13701.514451,3.537540
146,0.000817,3.377242,0.066465,3.444524,13701.517905,3.454124
147,0.000862,3.365607,0.134999,3.501468,13701.521416,3.510899
148,0.000686,3.382571,0.094806,3.478063,13701.524903,3.487427
149,0.000843,3.375817,0.143951,3.520611,13701.528436,3.532616
150,0.000799,3.373613,0.092951,3.467363,13701.531913,3.476984
151,0.000999,3.372255,0.215307,3.588561,13701.535511,3.597946
152,0.000960,3.388650,0.065174,3.454784,13701.538975,3.464340
153,0.000871,3.536162,0.181176,3.718209,13701.542702,3.727602
154,0.001583,3.437766,0.137023,3.576372,13701.546297,3.594926
155,0.001233,3.382680,0.136341,3.520254,13701.549828,3.530130
156,0.000757,3.388740,0.136387,3.525884,13701.553363,3.535314
157,0.000783,3.382740,0.131668,3.515191,13701.556887,3.524610
158,0.000828,3.391170,0.138016,3.530014,13701.560427,3.539424
159,0.000836,3.386612,0.093016,3.480464,13701.563917,3.489968
160,0.001066,3.379941,0.137551,3.518558,13701.567445,3.527977
161,0.001135,3.382944,0.065674,3.449753,13701.570904,3.459200
162,0.000794,3.388222,0.137585,3.526601,13701.574440,3.536134
163,0.000810,3.376812,0.090975,3.468597,13701.577918,3.477949
164,0.000842,3.424241,0.135423,3.560506,13701.581488,3.569779
165,0.000686,3.375854,0.066111,3.442651,13701.584940,3.452263
166,0.000676,3.381249,0.138063,3.519988,13701.588470,3.529427
167,0.000680,3.376860,0.065578,3.443118,13701.591922,3.452691
168,0.000774,3.381841,0.138396,3.521011,13701.595453,3.530772
169,0.000698,3.377934,0.065339,3.443971,13701.598906,3.453335
170,0.000768,3.380332,0.139342,3.520442,13701.602436,3.529905
171,0.000781,3.370170,0.091206,3.462157,13701.605908,3.471651
172,0.000767,3.380452,0.147268,3.528487,13701.609446,3.538056
173,0.000746,3.377171,0.065249,3.443166,13701.612900,3.454475
174,0.000636,3.398808,0.137788,3.537232,13701.616447,3.546891
175,0.000672,3.382945,0.065107,3.448724,13701.619906,3.458267
176,0.000777,3.382055,0.143371,3.526203,13701.623441,3.535806
177,0.000855,3.373649,0.098092,3.472596,13701.626924,3.482255
178,0.000613,3.382353,0.136851,3.519817,13701.630453,3.529390
179,0.000704,3.380724,0.066370,3.447798,13701.633910,3.457078
180,0.000655,3.378569,0.142940,3.522164,13701.637442,3.531569
181,0.000660,3.383654,0.067938,3.452252,13701.640903,3.461581
182,0.000760,3.553656,0.176686,3.731102,13701.644644,3.740522
183,0.001998,3.431372,0.143707,3.577077,13701.648238,3.594489
184,0.000978,3.386184,0.141273,3.528435,13701.651777,3.538596
185,0.000817,3.387202,0.101179,3.489198,13701.655276,3.498713
186,0.000806,3.382867,0.132997,3.516670,13701.658802,3.526062
187,0.000751,3.384296,0.140028,3.525075,13701.662336,3.534370
188,0.000800,3.381245,0.135383,3.517428,13701.665863,3.526653
189,0.000782,3.394668,0.136178,3.531628,13701.669404,3.541128
190,0.001151,3.391778,0.092554,3.485483,13701.672899,3.494849
191,0.001109,3.379251,0.143419,3.523779,13701.676432,3.533192
192,0.000994,3.374702,0.101236,3.476932,13701.679918,3.486263
193,0.000988,3.384084,0.145383,3.530455,13701.683458,3.539887
194,0.000889,3.374892,0.064764,3.440545,13701.686908,3.450019
195,0.000825,3.385547,0.134860,3.521232,13701.690439,3.530472
196,0.000829,3.393414,0.068284,3.462527,13701.693911,3.472135
197,0.000867,3.371079,0.135828,3.507774,13701.697428,3.517355
198,0.000838,3.374364,0.094247,3.469449,13701.700907,3.478803
199,0.000854,3.382372,0.138056,3.521282,13701.704438,3.530706
200,0.001269,3.375291,0.095790,3.472350,13701.707919,3.481848
201,0.000835,3.378708,0.138523,3.518066,13701.711449,3.530052
202,0.000825,3.384457,0.066229,3.451511,13701.714911,3.461143
203,0.000775,3.377750,0.139347,3.517872,13701.718438,3.527215
204,0.000766,3.377161,0.100551,3.478478,13701.721926,3.487770
205,0.000764,3.389779,0.157816,3.548359,13701.725483,3.557685
206,0.000825,3.378085,0.065761,3.444671,13701.728937,3.454175
207,0.000796,3.385159,0.138313,3.524268,13701.732471,3.533766
208,0.001138,3.373708,0.067781,3.442627,13701.735923,3.451875
209,0.000801,3.377182,0.135758,3.513741,13701.739446,3.523147
210,0.001043,3.425066,0.089730,3.515839,13701.742971,3.525088
211,0.001498,3.544664,0.184625,3.730787,13701.746715,3.743825
212,0.001699,3.423346,0.141193,3.566238,13701.750298,3.583004
213,0.000847,3.381006,0.135623,3.517476,13701.753826,3.528348
214,0.000895,3.373857,0.137232,3.511984,13701.757348,3.521627
215,0.000947,3.384546,0.141252,3.526745,13701.760884,3.536265
216,0.000995,3.392120,0.137046,3.530161,13701.764424,3.539573
217,0.001016,3.382436,0.090214,3.473666,13701.767907,3.483329
218,0.000856,3.399950,0.146570,3.547376,13701.771464,3.556949
219,0.000807,3.383934,0.065870,3.450611,13701.774924,3.460271
220,0.000805,3.373716,0.142847,3.517368,13701.778451,3.526980
221,0.000861,3.387665,0.065848,3.454374,13701.781915,3.463800
222,0.000783,3.384245,0.137246,3.522274,13701.785447,3.531654
223,0.000936,3.380501,0.065791,3.447228,13701.788903,3.456512
224,0.000980,3.372752,0.141380,3.515112,13701.792428,3.524632
225,0.001014,3.372573,0.094818,3.468405,13701.795906,3.477739
226,0.000695,3.379331,0.140635,3.520661,13701.799436,3.529984
227,0.000845,3.375579,0.093266,3.469690,13701.802915,3.479130
228,0.000860,3.378643,0.147158,3.526661,13701.806451,3.536077
229,0.000842,3.374391,0.066042,3.441275,13701.809902,3.450829
230,0.000783,3.386172,0.137985,3.524940,13701.813436,3.534344
231,0.000817,3.379957,0.097965,3.478739,13701.816924,3.488004
232,0.000998,3.377529,0.138981,3.517508,13701.820451,3.526827
233,0.000735,3.375969,0.066828,3.443532,13701.823905,3.454159
234,0.000806,3.382315,0.137888,3.521009,13701.827436,3.530441
235,0.000780,3.373815,0.096599,3.471194,13701.830916,3.480692
236,0.000839,3.380249,0.142398,3.523486,13701.834449,3.533081
237,0.000776,3.374903,0.064864,3.440543,13701.837899,3.449861
238,0.000800,3.389714,0.137545,3.528059,13701.841437,3.537395
239,0.000809,3.491408,0.186829,3.679046,13701.845125,3.688318
240,0.002034,3.454256,0.142266,3.598556,13701.848744,3.619045
241,0.000873,3.366152,0.134003,3.501028,13701.852255,3.511171
242,0.000846,3.383238,0.136339,3.520423,13701.855785,3.529917
243,0.000787,3.381655,0.103791,3.486233,13701.859281,3.495783
244,0.000816,3.383784,0.140648,3.525248,13701.862815,3.534496
245,0.000808,3.384642,0.137732,3.523182,13701.866348,3.532924
246,0.000783,3.440680,0.103616,3.545079,13701.869903,3.554370
247,0.000821,3.381128,0.133395,3.515344,13701.873428,3.525041
248,0.000988,3.373357,0.094863,3.469208,13701.876906,3.478596
249,0.000826,3.388770,0.140077,3.529673,13701.880445,3.538952
250,0.000876,3.371090,0.092274,3.464240,13701.883919,3.473729
251,0.000820,3.376165,0.137637,3.514622,13701.887443,3.524100
252,0.000719,3.380536,0.066933,3.448188,13701.890901,3.457688
253,0.000782,3.377433,0.140566,3.518781,13701.894429,3.528201
254,0.000760,3.375753,0.094573,3.471086,13701.897909,3.480340
255,0.000725,3.379317,0.139114,3.519156,13701.901438,3.528490
256,0.000879,3.379152,0.094949,3.474980,13701.904922,3.484322
257,0.001019,3.381822,0.137785,3.520626,13701.908452,3.530016
258,0.001478,3.385351,0.064874,3.451703,13701.911913,3.461148
259,0.000789,3.374273,0.137204,3.512266,13701.915435,3.521693
260,0.000843,3.386690,0.066822,3.454355,13701.918899,3.463672
261,0.000816,3.390851,0.149663,3.541330,13701.922450,3.550977
262,0.000724,3.391693,0.064403,3.456820,13701.925916,3.466388
263,0.001006,3.374396,0.138013,3.513415,13701.929439,3.522971
264,0.000915,3.375646,0.098536,3.475097,13701.932923,3.484514
265,0.000756,3.381010,0.136977,3.518743,13701.936452,3.528370
266,0.000817,3.374622,0.065470,3.440909,13701.939902,3.450603
267,0.001079,3.376952,0.138966,3.516997,13701.943429,3.526449
268,0.000763,3.531227,0.155539,3.687529,13701.947126,3.696991
269,0.001986,3.428956,0.138831,3.569773,13701.950716,3.590343
270,0.000761,3.363673,0.137155,3.501589,13701.954229,3.512926
271,0.000770,3.386511,0.137719,3.525000,13701.957764,3.534475
272,0.000922,3.382355,0.142362,3.525639,13701.961299,3.535402
273,0.000921,3.387697,0.133566,3.522184,13701.964831,3.531827
274,0.000775,3.377226,0.138358,3.516359,13701.968357,3.525915
275,0.000770,3.378807,0.132213,3.511790,13701.971878,3.521182
276,0.000811,3.391158,0.156412,3.548381,13701.975436,3.557800
277,0.000816,3.380024,0.095316,3.476156,13701.978922,3.485776
278,0.000791,3.382332,0.138548,3.521671,13701.982453,3.531027
279,0.000764,3.380733,0.065994,3.447491,13701.985909,3.456892
280,0.000832,3.372521,0.138006,3.511359,13701.989430,3.520667
281,0.001090,3.382372,0.095098,3.478560,13701.992918,3.488007
282,0.000855,3.381543,0.137648,3.520046,13701.996448,3.529428
283,0.000785,3.373482,0.066024,3.440291,13701.999897,3.449470
284,0.000776,3.383992,0.140166,3.524934,13702.003431,3.534275
285,0.000773,3.382825,0.092376,3.475974,13702.006917,3.485356
286,0.000852,3.380341,0.139175,3.520368,13702.010447,3.529963
287,0.000959,3.374647,0.066151,3.441757,13702.013898,3.451010
288,0.001008,3.377528,0.139772,3.518308,13702.017425,3.527712
289,0.001019,3.374085,0.093182,3.468286,13702.020903,3.477627
290,0.000710,3.380866,0.136856,3.518432,13702.024431,3.527880
291,0.000977,3.380123,0.094752,3.475852,13702.027916,3.485509
292,0.000753,3.385777,0.136565,3.523095,13702.031449,3.532385
293,0.000746,3.379355,0.064502,3.444603,13702.034903,3.454056
294,0.000722,3.375180,0.137281,3.513183,13702.038425,3.522676
295,0.000657,3.380901,0.092583,3.474141,13702.041909,3.483631
296,0.000975,3.486949,0.185428,3.673352,13702.045592,3.682638
297,0.001598,3.488288,0.149588,3.639474,13702.049249,3.657469
298,0.001042,3.394733,0.134475,3.530250,13702.052792,3.542954
299,0.000871,3.380081,0.105865,3.486817,13702.056289,3.496474
300,0.001053,3.378757,0.140571,3.520381,13702.059819,3.529884
301,0.000805,3.402847,0.134302,3.537954,13702.063366,3.547412
302,0.000792,3.384770,0.133258,3.518820,13702.066894,3.528416
303,0.000775,3.383018,0.138689,3.522482,13702.070426,3.531929
304,0.000947,3.379026,0.092322,3.472295,13702.073908,3.481937
305,0.000792,3.382149,0.139599,3.522540,13702.077440,3.532121
306,0.001010,3.386204,0.065164,3.452378,13702.080902,3.461651
307,0.000820,3.381601,0.135792,3.518213,13702.084430,3.527748
308,0.000732,3.375110,0.092827,3.468669,13702.087908,3.478106
309,0.000764,3.386466,0.137437,3.524667,13702.091443,3.535019
310,0.000873,3.377437,0.065260,3.443570,13702.094896,3.453152
311,0.000659,3.382096,0.134076,3.516831,13702.098422,3.526153
312,0.000949,3.376758,0.091197,3.468904,13702.101901,3.478359
313,0.000874,3.382982,0.141278,3.525134,13702.105435,3.534570
314,0.000735,3.390022,0.064923,3.455680,13702.108900,3.465046
315,0.000857,3.378835,0.136696,3.516388,13702.112426,3.526037
316,0.000827,3.384297,0.096117,3.481241,13702.115917,3.490710
317,0.000865,3.381019,0.137371,3.519255,13702.119446,3.528657
318,0.000911,3.377841,0.065841,3.444593,13702.122900,3.454195
319,0.000876,3.382145,0.139473,3.522494,13702.126432,3.531990
320,0.001025,3.375779,0.096780,3.473584,13702.129915,3.483121
321,0.000949,3.382951,0.140744,3.524644,13702.133449,3.534344
322,0.000895,3.380351,0.065837,3.447083,13702.136906,3.456525
323,0.000891,3.379778,0.141608,3.522277,13702.140438,3.531814
324,0.000959,3.367242,0.098526,3.466727,13702.143914,3.476089
325,0.000826,3.409640,0.175322,3.585788,13702.147509,3.595481
326,0.001721,5.327153,0.161620,5.490494,13702.153013,5.503892
327,0.002819,3.768910,0.127800,3.899529,13702.156941,3.928359
328,0.001746,3.941965,0.077395,4.021106,13702.160982,4.040884
329,0.001177,3.543585,0.153087,3.697849,13702.164692,3.709460
330,0.001071,3.459815,0.147424,3.608310,13702.168312,3.619970
331,0.000933,3.515437,0.076927,3.593297,13702.171916,3.604263
332,0.001003,3.459572,0.077519,3.538094,13702.175465,3.548777
333,0.000982,3.485796,0.080979,3.567757,13702.179043,3.578203
334,0.000903,3.415129,0.140919,3.556951,13702.182610,3.567318
335,0.000826,3.410340,0.139320,3.550486,13702.186171,3.560577
336,0.001001,3.416116,0.146846,3.563963,13702.189745,3.574131
337,0.000968,3.401610,0.138520,3.541098,13702.193296,3.551133
338,0.000941,3.442884,0.134800,3.578625,13702.196885,3.588487
339,0.001432,3.412563,0.108742,3.522737,13702.200417,3.532820
340,0.000821,3.389871,0.099325,3.490017,13702.203917,3.499775
341,0.000853,3.396381,0.140348,3.537582,13702.207464,3.547321
342,0.000882,3.394549,0.068974,3.464405,13702.210939,3.474144
343,0.000841,3.430553,0.150633,3.582027,13702.214530,3.591776
344,0.001080,3.387649,0.067883,3.456612,13702.217997,3.466738
345,0.000950,3.390637,0.140702,3.532289,13702.221545,3.547435
346,0.000824,3.396186,0.074304,3.471314,13702.225026,3.481298
347,0.000899,3.394932,0.137512,3.533343,13702.228569,3.543375
348,0.000797,3.426343,0.108203,3.535343,13702.232115,3.545335
349,0.000919,3.386867,0.139503,3.527289,13702.235652,3.537384
350,0.000849,3.389184,0.137734,3.527767,13702.239189,3.537417
351,0.000877,3.389985,0.102614,3.493476,13702.242693,3.503146
352,0.001001,3.386263,0.140646,3.527910,13702.246230,3.537614
353,0.000817,4.569278,0.136497,4.706592,13702.250950,4.720265
354,0.001500,3.448863,0.141205,3.591568,13702.254559,3.608866
355,0.000860,3.388435,0.072878,3.462173,13702.258032,3.472919
356,0.000922,3.390271,0.141014,3.532207,13702.261575,3.542365
357,0.000922,3.396298,0.105893,3.503113,13702.265088,3.513364
358,0.000904,3.356998,0.139270,3.497172,13702.268595,3.507210
359,0.000732,3.376722,0.120537,3.497991,13702.272103,3.507981
360,0.000955,3.357193,0.139658,3.497806,13702.275611,3.507729
361,0.001326,3.383180,0.099487,3.483993,13702.279105,3.493989
362,0.000921,3.393243,0.139610,3.533774,13702.282648,3.543595
363,0.000876,3.392157,0.154561,3.547594,13702.286206,3.557611
364,0.000848,3.376409,0.140658,3.517915,13702.289734,3.527770
365,0.000836,3.386041,0.138668,3.525545,13702.293269,3.535220
366,0.000851,3.387836,0.135831,3.524518,13702.296803,3.534192
367,0.000811,3.319871,0.136044,3.456726,13702.300270,3.466356
368,0.001169,3.348321,0.141283,3.490773,13702.303770,3.500417
369,0.000994,3.351692,0.136993,3.489679,13702.307269,3.499416
370,0.000787,3.324123,0.139242,3.464152,13702.310743,3.473947
371,0.000889,3.413535,0.133226,3.547650,13702.314301,3.557176
372,0.000870,3.316968,0.136454,3.454292,13702.317764,3.463873
373,0.000812,3.359112,0.139083,3.499007,13702.321273,3.508763
374,0.000711,3.378448,0.136559,3.515718,13702.324798,3.525184
375,0.000832,3.323116,0.135803,3.459751,13702.328268,3.469436
376,0.000904,3.327317,0.139287,3.467508,13702.331745,3.477262
377,0.000969,3.341413,0.137027,3.479409,13702.335234,3.489364
378,0.000833,3.359077,0.121205,3.481115,13702.338725,3.490783
379,0.000695,3.365319,0.100172,3.466186,13702.342201,3.476082
380,0.000823,3.329565,0.139485,3.469873,13702.345681,3.479666
381,0.000905,3.571708,0.193159,3.765772,13702.349456,3.775490
382,0.002015,3.463484,0.081342,3.546841,13702.353025,3.568394
383,0.000997,3.290975,0.138546,3.430518,13702.356467,3.441687
384,0.001057,3.317279,0.111711,3.430047,13702.359907,3.440516
385,0.000803,3.382000,0.139327,3.522130,13702.363439,3.531698
386,0.000827,3.317699,0.134804,3.453330,13702.366902,3.462956
387,0.000737,3.349553,0.143055,3.493345,13702.370405,3.502871
388,0.000798,3.317336,0.136262,3.454396,13702.373869,3.464165
389,0.000847,3.384240,0.136941,3.522028,13702.377400,3.531770
390,0.000851,3.338738,0.120971,3.460560,13702.380871,3.470316
391,0.000792,3.340376,0.141712,3.482880,13702.384363,3.492637
392,0.000918,3.311623,0.139078,3.451619,13702.387825,3.461535
393,0.000793,3.387232,0.136649,3.524674,13702.391360,3.534608
394,0.000912,3.319168,0.137248,3.457328,13702.394827,3.467081
395,0.000924,3.319204,0.144832,3.464960,13702.398301,3.474765
396,0.000892,3.381245,0.139108,3.521245,13702.401832,3.530680
397,0.000908,3.344797,0.133300,3.479005,13702.405321,3.488734
398,0.000789,3.311481,0.140082,3.452352,13702.408783,3.462037
399,0.000809,3.318686,0.137216,3.456711,13702.412249,3.466180
400,0.000885,3.345132,0.133373,3.479390,13702.415738,3.489065
401,0.000815,3.333159,0.137176,3.471150,13702.419223,3.484706
402,0.000804,3.316352,0.136275,3.453431,13702.422686,3.463075
403,0.000816,3.392873,0.135735,3.529424,13702.426225,3.538967
404,0.000747,3.312155,0.117678,3.430580,13702.429665,3.440138
405,0.000724,3.339764,0.140909,3.481397,13702.433156,3.491010
406,0.000805,3.308912,0.135766,3.445483,13702.436611,3.455136
407,0.000719,3.433979,0.223970,3.658668,13702.440279,3.668082
408,0.001197,3.327221,0.140757,3.469175,13702.443758,3.478659
409,0.000843,3.377003,0.136736,3.514582,13702.447282,3.524142
410,0.000794,3.587505,0.153608,3.741907,13702.451034,3.751496
411,0.001763,3.383993,0.134061,3.519817,13702.454585,3.551397
412,0.000870,3.411995,0.155257,3.568122,13702.458163,3.578174
413,0.000870,3.314262,0.140168,3.455300,13702.461628,3.465389
414,0.000798,3.405784,0.140512,3.547094,13702.465185,3.556754
415,0.000819,3.316616,0.134497,3.451932,13702.468647,3.461536
416,0.001009,3.350560,0.147294,3.498863,13702.472155,3.508187
417,0.000989,3.320642,0.144854,3.466485,13702.475631,3.475994
418,0.000904,3.419765,0.145304,3.565973,13702.479207,3.575645
419,0.000856,3.356899,0.136465,3.494220,13702.482710,3.503699
420,0.000967,3.363358,0.134616,3.498941,13702.486219,3.508485
421,0.000846,3.335723,0.135570,3.472139,13702.489701,3.481788
422,0.000852,3.354276,0.134271,3.489399,13702.493199,3.498740
423,0.000827,3.369354,0.139982,3.510163,13702.496719,3.519808
424,0.000887,3.358023,0.136405,3.495315,13702.500224,3.505014
425,0.000779,3.342778,0.135395,3.478952,13702.503713,3.488573
426,0.000769,3.391614,0.138533,3.530916,13702.507253,3.540509
427,0.000926,3.419158,0.137095,3.557179,13702.510820,3.566603
428,0.000772,3.383149,0.136871,3.520792,13702.514350,3.530182
429,0.000811,3.338398,0.133018,3.472227,13702.517832,3.481708
430,0.000783,3.311739,0.136156,3.448678,13702.521290,3.458156
431,0.000814,3.420834,0.139310,3.560958,13702.524860,3.570341
432,0.001000,3.493478,0.144757,3.639235,13702.528509,3.649116
433,0.000732,3.341399,0.066192,3.408323,13702.531927,3.417845
434,0.000820,3.310732,0.141770,3.453322,13702.535390,3.462796
435,0.000740,3.344589,0.134414,3.479743,13702.538879,3.489455
436,0.001062,3.327655,0.139025,3.467742,13702.542357,3.477593
437,0.000748,3.344361,0.138491,3.483600,13702.545850,3.493143
438,0.000838,3.429499,0.175508,3.605845,13702.549465,3.615212
439,0.000810,3.633249,0.175207,3.809266,13702.553284,3.818891
440,0.001372,3.389387,0.136713,3.527472,13702.556829,3.544767
441,0.000818,3.317746,0.134782,3.453346,13702.560292,3.463389
442,0.001099,3.342172,0.137520,3.480791,13702.563783,3.490641
443,0.000898,3.341264,0.108405,3.450567,13702.567243,3.460407
444,0.000884,3.354203,0.144256,3.499343,13702.570753,3.509335
445,0.000786,3.330150,0.145729,3.476665,13702.574239,3.486054
446,0.001073,3.313932,0.136068,3.451073,13702.577699,3.460619
447,0.000817,3.349637,0.137432,3.487886,13702.581197,3.497353
448,0.000944,3.307039,0.136966,3.444949,13702.584651,3.454616
449,0.000786,3.337913,0.149069,3.487768,13702.588149,3.497303
450,0.000764,3.334367,0.147073,3.482204,13702.591640,3.491504
451,0.000823,3.346336,0.157467,3.504626,13702.595154,3.514039
452,0.000795,3.311319,0.136453,3.448567,13702.598612,3.458161
453,0.000803,3.341115,0.067346,3.409264,13702.602031,3.418524
454,0.001120,3.337184,0.135542,3.473846,13702.605514,3.483429
455,0.000787,3.309337,0.067772,3.377896,13702.608902,3.387372
456,0.000904,3.307401,0.138195,3.446500,13702.612358,3.456044
457,0.000814,3.406865,0.103364,3.511043,13702.615883,3.525269
458,0.000692,3.392874,0.139021,3.532587,13702.619425,3.542038
459,0.001011,3.304269,0.144085,3.449365,13702.622884,3.458791
460,0.000807,3.351089,0.133828,3.485724,13702.626379,3.495254
461,0.000802,3.321375,0.133900,3.456077,13702.629845,3.465616
462,0.000788,3.309397,0.138987,3.449172,13702.633304,3.458837
463,0.000822,3.311018,0.137379,3.449219,13702.636762,3.458858
464,0.001012,3.357278,0.146977,3.505267,13702.640277,3.514668
465,0.000924,3.344086,0.135163,3.480173,13702.643767,3.489745
466,0.000975,3.396054,0.132810,3.529839,13702.647306,3.539262
467,0.000839,3.421822,0.170835,3.593496,13702.650909,3.602947
468,0.001840,3.529734,0.174575,3.706149,13702.654635,3.726174
469,0.001477,3.382154,0.147545,3.531176,13702.658183,3.547781
470,0.000793,3.313000,0.134173,3.447966,13702.661641,3.458090
471,0.000789,3.397150,0.138901,3.536840,13702.665188,3.546394
472,0.001204,3.310308,0.139837,3.451349,13702.668648,3.460944
473,0.000996,3.351407,0.147651,3.500054,13702.672158,3.509856
474,0.000773,3.353105,0.133855,3.487733,13702.675656,3.497359
475,0.000843,3.352464,0.152852,3.506159,13702.679171,3.515717
476,0.000809,3.347417,0.140273,3.488499,13702.682670,3.498305
477,0.000825,3.359057,0.133178,3.493060,13702.686172,3.502761
478,0.000779,3.413240,0.136185,3.550204,13702.689732,3.559832
479,0.001003,3.495499,0.138055,3.634557,13702.693376,3.644136
480,0.000943,3.421695,0.094551,3.517189,13702.696903,3.526941
481,0.001000,3.345625,0.138045,3.484670,13702.700398,3.494420
482,0.000757,3.313280,0.131939,3.445976,13702.703854,3.455683
483,0.000731,3.311154,0.141548,3.453433,13702.707316,3.462801
484,0.000836,3.306240,0.138210,3.445286,13702.710771,3.454725
485,0.000800,3.404620,0.136043,3.541463,13702.714322,3.551203
486,0.000718,3.314780,0.138154,3.453652,13702.717786,3.463313
487,0.000788,3.292681,0.138456,3.431925,13702.721227,3.441502
488,0.001023,3.371725,0.136983,3.509731,13702.724746,3.519138
489,0.000816,3.353713,0.134228,3.488757,13702.728244,3.498201
490,0.000891,3.313877,0.143272,3.458040,13702.731712,3.467732
491,0.000820,3.467709,0.137727,3.606256,13702.735328,3.615961
492,0.001082,3.436032,0.139537,3.576651,13702.738914,3.586346
493,0.000758,3.469008,0.139211,3.608977,13702.742533,3.618642
494,0.001032,3.417358,0.091827,3.510217,13702.746053,3.519879
495,0.000830,3.436163,0.139898,3.576891,13702.749640,3.586856
496,0.000837,3.634110,0.178975,3.813922,13702.753464,3.823949
497,0.001354,3.368195,0.069106,3.438655,13702.756921,3.457053
498,0.000786,3.397121,0.136693,3.534600,13702.760465,3.544402
499,0.000776,3.317969,0.102966,3.421711,13702.763897,3.431386
500,0.000796,3.383272,0.137429,3.521497,13702.767428,3.531168
501,0.000777,3.347175,0.101477,3.449429,13702.770887,3.459036
502,0.000764,3.350401,0.136615,3.487780,13702.774384,3.497315
503,0.000831,3.306101,0.138461,3.445393,13702.777839,3.454836
504,0.001018,3.404156,0.136058,3.541232,13702.781390,3.550682
505,0.000886,3.316712,0.139557,3.457155,13702.784856,3.466551
506,0.000769,3.314300,0.137390,3.452459,13702.788318,3.462057
507,0.000771,3.312517,0.148161,3.461449,13702.791789,3.470700
508,0.000733,3.388359,0.097734,3.486826,13702.795285,3.496363
509,0.000760,3.376400,0.134611,3.511771,13702.798806,3.521140
510,0.000766,3.305755,0.140409,3.446930,13702.802263,3.456234
511,0.001140,3.345606,0.139817,3.486563,13702.805759,3.496197
512,0.000983,3.357754,0.134347,3.493084,13702.809262,3.502718
513,0.000884,3.339737,0.138033,3.478654,13702.812750,3.488122
514,0.000754,3.329242,0.138014,3.468010,13702.816227,3.477353
515,0.000776,3.309545,0.135739,3.446060,13702.819683,3.455477
516,0.000737,3.349392,0.150729,3.500858,13702.823193,3.510226
517,0.001047,3.313945,0.137014,3.452006,13702.826654,3.461333
518,0.000733,3.398794,0.137146,3.536673,13702.830200,3.546169
519,0.000792,3.345438,0.136786,3.483016,13702.833693,3.492497
520,0.001039,3.363478,0.139559,3.504076,13702.837207,3.513767
521,0.000940,3.352182,0.135297,3.488419,13702.840709,3.502505
522,0.000926,3.371399,0.137698,3.510023,13702.844229,3.519659
523,0.000968,3.345156,0.135846,3.481970,13702.847720,3.491618
524,0.000897,3.356826,0.136087,3.493810,13702.851224,3.503644
525,0.000980,5.377933,0.220804,5.599717,13702.856834,5.609577
526,0.001947,3.644441,0.172744,3.819132,13702.860674,3.840695
527,0.001289,3.419308,0.142573,3.563170,13702.864255,3.581009
528,0.001033,3.328983,0.143020,3.473036,13702.867739,3.483519
529,0.000891,3.335341,0.141824,3.478056,13702.871227,3.488255
530,0.000858,3.318715,0.138856,3.458429,13702.874695,3.468385
531,0.000817,3.375208,0.135768,3.511793,13702.878217,3.521526
532,0.000852,3.373583,0.139804,3.514239,13702.881741,3.524057
533,0.000935,3.339389,0.137430,3.477754,13702.885228,3.487312
534,0.000936,3.307217,0.132757,3.440910,13702.888679,3.450506
535,0.000844,3.319049,0.155226,3.475119,13702.892163,3.484594
536,0.000936,3.383967,0.135998,3.520901,13702.895694,3.530870
537,0.001207,3.330812,0.141007,3.473026,13702.899177,3.482932
538,0.000832,3.322827,0.140024,3.463683,13702.902651,3.473547
539,0.000867,3.355367,0.139084,3.495318,13702.906156,3.504929
540,0.000986,3.311505,0.132277,3.444768,13702.909611,3.454930
541,0.001079,3.315132,0.103402,3.419613,13702.913040,3.429207
542,0.000823,3.352683,0.137916,3.491422,13702.916541,3.501189
543,0.000824,3.308898,0.067365,3.377087,13702.919928,3.386600
544,0.001048,3.322207,0.140533,3.463788,13702.923401,3.473506
545,0.000834,3.318374,0.134398,3.453606,13702.926865,3.463921
546,0.000791,3.325980,0.138453,3.465224,13702.930340,3.474616
547,0.000854,3.352179,0.142251,3.495284,13702.933845,3.505240
548,0.000860,3.348201,0.137031,3.486092,13702.937341,3.495917
549,0.000805,3.330749,0.136282,3.467836,13702.940818,3.477693
550,0.000828,3.321035,0.138506,3.460369,13702.944288,3.469890
551,0.000846,3.394107,0.138901,3.533854,13702.947832,3.543496
552,0.000862,3.406802,0.139957,3.547621,13702.951390,3.557761
553,0.000820,3.666536,0.176595,3.843951,13702.955244,3.854208
554,0.001809,3.415111,0.135533,3.552453,13702.958815,3.571645
555,0.000993,3.398032,0.137447,3.536472,13702.962362,3.546826
556,0.000820,3.372030,0.140502,3.513352,13702.965885,3.523103
557,0.000762,3.372535,0.140394,3.513691,13702.969409,3.523934
558,0.000818,3.323272,0.133279,3.457369,13702.972876,3.467050
559,0.000792,3.363022,0.142297,3.506111,13702.976392,3.515761
560,0.000986,3.376307,0.103358,3.480651,13702.979883,3.490479
561,0.000835,3.325906,0.135456,3.462197,13702.983355,3.471948
562,0.000814,3.307964,0.138166,3.446944,13702.986811,3.456838
563,0.000907,3.355889,0.138297,3.495093,13702.990316,3.504625
564,0.000842,3.316401,0.137231,3.454474,13702.993781,3.464513
565,0.000776,3.400494,0.142694,3.543964,13702.997334,3.553605
566,0.000841,3.312740,0.141408,3.454989,13703.000799,3.464851
567,0.000974,3.334574,0.139027,3.474575,13703.004283,3.484069
568,0.001078,3.420058,0.144385,3.565521,13703.007858,3.575065
569,0.001122,3.425315,0.136332,3.562769,13703.011431,3.572376
570,0.001034,3.353948,0.101621,3.456603,13703.014897,3.466362
571,0.000979,3.307959,0.139026,3.447964,13703.018355,3.457678
572,0.000811,3.310655,0.140693,3.452159,13703.021816,3.461802
573,0.000801,3.508085,0.139229,3.648115,13703.025474,3.657783
574,0.000819,3.410505,0.067401,3.478725,13703.028962,3.488306
575,0.000748,3.363316,0.125931,3.489995,13703.032462,3.499454
576,0.001290,3.347607,0.090759,3.439656,13703.035911,3.449356
577,0.000858,3.314587,0.134931,3.450376,13703.039371,3.459838
578,0.001292,3.309308,0.143300,3.453900,13703.042835,3.463814
579,0.000680,3.431964,0.115183,3.547827,13703.046393,3.557600
580,0.001160,3.435901,0.067760,3.504821,13703.049907,3.514473
581,0.000734,3.351093,0.162337,3.514164,13703.053431,3.523925
582,0.000873,3.592589,0.177960,3.771422,13703.057212,3.781364
583,0.001472,3.350832,0.147449,3.499753,13703.060731,3.518565
584,0.001044,3.394162,0.138099,3.533305,13703.064274,3.543599
585,0.001008,3.316319,0.137954,3.455281,13703.067740,3.465239
586,0.000825,3.335531,0.138443,3.474799,13703.071224,3.484406
587,0.000797,3.355295,0.145608,3.501700,13703.074735,3.511339
588,0.000782,3.395014,0.134001,3.529797,13703.078275,3.539449
589,0.000891,3.386850,0.134345,3.522086,13703.081807,3.531913
590,0.000958,3.355351,0.145029,3.501338,13703.085318,3.510961
591,0.000827,3.310730,0.138817,3.450374,13703.088778,3.460008
592,0.000901,3.299122,0.107379,3.407402,13703.092195,3.417143
593,0.000835,3.311143,0.140970,3.452948,13703.095661,3.466253
594,0.001236,3.398107,0.140724,3.540067,13703.099211,3.549695
595,0.000870,3.327288,0.135218,3.463376,13703.102684,3.473083
596,0.000901,3.316579,0.149714,3.467194,13703.106161,3.476748
597,0.000795,3.314027,0.137770,3.452592,13703.109623,3.462174
598,0.000946,3.315368,0.070641,3.386955,13703.113020,3.396826
599,0.000718,3.324122,0.144880,3.469720,13703.116499,3.479429
600,0.000991,3.312131,0.096617,3.409739,13703.119919,3.419645
601,0.000856,3.326746,0.137548,3.465150,13703.123394,3.475272
602,0.000733,3.344288,0.154436,3.499457,13703.126903,3.509259
603,0.000926,3.338248,0.136386,3.475560,13703.130388,3.485169
604,0.000787,3.318722,0.140628,3.460137,13703.133858,3.469887
605,0.000783,3.343629,0.136536,3.480948,13703.137349,3.490653
606,0.000922,3.322249,0.137035,3.460206,13703.140819,3.469891
607,0.000850,3.336572,0.145126,3.482548,13703.144311,3.492437
608,0.001159,3.350731,0.133630,3.485520,13703.147806,3.495142
609,0.000921,3.341504,0.135180,3.477605,13703.151294,3.487330
610,0.000882,3.400265,0.151847,3.552994,13703.154856,3.562645
611,0.002318,3.542434,0.171780,3.716532,13703.158595,3.738644
612,0.001114,3.367241,0.136740,3.505095,13703.162115,3.519412
613,0.000800,3.355852,0.139118,3.495770,13703.165620,3.505950
614,0.001279,3.317648,0.069297,3.388224,13703.169018,3.397922
615,0.000757,3.306236,0.144952,3.451945,13703.172480,3.462041
616,0.001003,3.304845,0.103476,3.409324,13703.175900,3.419180
617,0.000727,3.322379,0.184105,3.507211,13703.179416,3.516892
618,0.000862,3.345637,0.130286,3.476785,13703.182903,3.486561
619,0.000930,3.315696,0.139546,3.456172,13703.186369,3.465825
620,0.001103,3.313431,0.137036,3.451570,13703.189830,3.461339
621,0.000841,3.313909,0.136140,3.450890,13703.193291,3.460355
622,0.000815,3.408493,0.140873,3.550181,13703.196850,3.559808
623,0.000817,3.314457,0.143569,3.458843,13703.200319,3.468766
624,0.000874,3.306931,0.137592,3.445397,13703.203775,3.455428
625,0.001124,3.357315,0.106915,3.465354,13703.207250,3.475017
626,0.000804,3.312088,0.136086,3.448978,13703.210709,3.458940
627,0.000842,3.439690,0.136274,3.576806,13703.214295,3.586658
628,0.000932,3.319834,0.144295,3.465061,13703.217770,3.474943
629,0.000720,3.309272,0.137540,3.447532,13703.221228,3.457443
630,0.000812,3.322234,0.138185,3.461231,13703.224699,3.471192
631,0.000868,3.351051,0.140056,3.491975,13703.228201,3.501791
632,0.001004,3.314262,0.135168,3.450434,13703.231661,3.460421
633,0.000793,3.316727,0.111729,3.429249,13703.235100,3.439065
634,0.000919,3.302613,0.143080,3.446612,13703.238556,3.456444
635,0.000800,3.315615,0.068827,3.385242,13703.241951,3.394898
636,0.000827,3.306465,0.137953,3.445245,13703.245406,3.454798
637,0.000869,3.353800,0.128642,3.483311,13703.248899,3.492924
638,0.000946,3.345648,0.136767,3.483361,13703.252392,3.493364
639,0.001268,3.488127,0.136317,3.625712,13703.256028,3.635345
640,0.002880,3.494667,0.155506,3.653053,13703.259699,3.670979
641,0.000958,3.361469,0.107439,3.469866,13703.263181,3.482097
642,0.001163,3.325078,0.136047,3.462288,13703.266653,3.472437
643,0.000848,3.308136,0.078581,3.387565,13703.270051,3.397287
644,0.000892,3.314929,0.139151,3.454972,13703.273515,3.464844
645,0.000888,3.311383,0.066272,3.378543,13703.276904,3.388373
646,0.000846,3.358242,0.140999,3.500087,13703.280414,3.509713
647,0.000768,3.316772,0.148517,3.466057,13703.283890,3.475965
648,0.001042,3.397728,0.139980,3.538750,13703.287438,3.548354
649,0.001044,3.326678,0.109064,3.436786,13703.290885,3.446731
650,0.000859,3.320260,0.137602,3.458721,13703.294353,3.468601
651,0.000939,3.362500,0.137457,3.500896,13703.297864,3.510680
652,0.000820,3.313330,0.138726,3.452876,13703.301327,3.462904
653,0.000788,3.306653,0.107242,3.414683,13703.304751,3.424338
654,0.000803,3.369424,0.139429,3.509656,13703.308270,3.519231
655,0.000789,3.308079,0.138321,3.447189,13703.311727,3.456851
656,0.000960,3.370539,0.136988,3.508487,13703.315246,3.518316
657,0.000818,3.310141,0.136962,3.447921,13703.318703,3.457557
658,0.000870,3.335391,0.134589,3.470850,13703.322183,3.480278
659,0.000973,3.360842,0.103078,3.464893,13703.325658,3.474794
660,0.000772,3.306909,0.166583,3.474264,13703.329142,3.483922
661,0.000770,3.309362,0.137276,3.447408,13703.332599,3.457307
662,0.000764,3.311116,0.064492,3.376372,13703.335986,3.386183
663,0.000851,3.363557,0.234052,3.598460,13703.339594,3.607958
664,0.000998,3.334871,0.071056,3.406925,13703.343011,3.417251
665,0.000985,3.321844,0.073778,3.396607,13703.346417,3.406564
666,0.000837,3.441010,0.068656,3.510503,13703.349938,3.520553
667,0.000813,3.418215,0.142547,3.561575,13703.353509,3.571424
668,0.000955,3.651258,0.184037,3.836250,13703.357356,3.846214
669,0.001841,3.420072,0.109545,3.531458,13703.360906,3.550394
670,0.000922,3.392313,0.138689,3.531924,13703.364449,3.543128
671,0.000892,3.325143,0.103216,3.429251,13703.367888,3.439361
672,0.001005,3.319422,0.138467,3.458894,13703.371357,3.468774
673,0.000814,3.355586,0.143571,3.499971,13703.374872,3.514940
674,0.000879,3.309119,0.136715,3.446713,13703.378328,3.456328
675,0.000795,3.372726,0.145945,3.519466,13703.381858,3.529207
676,0.001251,3.357570,0.140072,3.498893,13703.385366,3.508627
677,0.000997,3.307397,0.135735,3.444129,13703.388820,3.453809
678,0.000820,3.349918,0.071700,3.422438,13703.392252,3.431870
679,0.000855,3.346188,0.150293,3.497336,13703.395759,3.506981
680,0.001474,3.391759,0.137420,3.530653,13703.399300,3.540667
681,0.001055,3.323618,0.139825,3.464498,13703.402774,3.474278
682,0.000869,3.353245,0.143083,3.497197,13703.406281,3.506624
683,0.000871,3.309897,0.143690,3.454458,13703.409745,3.464481
684,0.000902,3.372670,0.136461,3.510033,13703.413265,3.519673
685,0.000862,3.308284,0.138367,3.447513,13703.416722,3.457208
686,0.000795,3.346921,0.141371,3.489087,13703.420221,3.498826
687,0.000855,3.319756,0.139375,3.459986,13703.423691,3.470081
688,0.000995,3.312175,0.142607,3.455777,13703.427156,3.465443
689,0.000844,3.411722,0.136419,3.548985,13703.430715,3.558388
690,0.000750,3.324604,0.139785,3.465139,13703.434189,3.474795
691,0.000807,3.310069,0.132701,3.443577,13703.437643,3.453332
692,0.000774,3.318983,0.070650,3.390407,13703.441043,3.400001
693,0.000763,3.309266,0.142457,3.452486,13703.444505,3.462107
694,0.000803,3.320961,0.067883,3.389647,13703.447904,3.399265
695,0.000719,3.316377,0.144975,3.462071,13703.451376,3.471751
696,0.000933,3.368717,0.101587,3.471237,13703.454857,3.481109
697,0.000887,3.590259,0.198733,3.789879,13703.458656,3.799259
698,0.002776,7.437971,0.181917,7.622664,13703.466316,7.660255
699,0.001314,3.335139,0.142083,3.478536,13703.469810,3.493838
700,0.000889,3.379500,0.139907,3.520296,13703.473341,3.530840
701,0.001132,3.306071,0.136831,3.444034,13703.476795,3.454006
702,0.000856,3.517759,0.143065,3.661680,13703.480467,3.671441
703,0.000974,3.361568,0.069801,3.432343,13703.483909,3.442354
704,0.001072,3.325156,0.144763,3.470991,13703.487390,3.480958
705,0.000905,3.364694,0.129088,3.494687,13703.490894,3.504374
706,0.001002,3.324976,0.142796,3.468774,13703.494373,3.478662
707,0.000855,3.357563,0.134357,3.492775,13703.497876,3.502637
708,0.000805,3.317957,0.136445,3.455207,13703.501341,3.464946
709,0.000811,3.307247,0.113971,3.422029,13703.504772,3.431734
710,0.000848,3.367299,0.107741,3.475888,13703.508258,3.485315
711,0.000901,3.310241,0.135710,3.446852,13703.511714,3.456773
712,0.000936,3.347891,0.137346,3.486173,13703.515210,3.495564
713,0.000842,3.307563,0.141844,3.450249,13703.518670,3.459940
714,0.000985,3.309648,0.099787,3.410420,13703.522090,3.419961
715,0.000757,3.344433,0.138751,3.483941,13703.525583,3.493664
716,0.000878,3.321893,0.066314,3.389085,13703.528983,3.399028
717,0.000841,3.325958,0.137682,3.464481,13703.532457,3.474090
718,0.000780,3.322066,0.106124,3.428970,13703.535895,3.438604
719,0.000818,3.353815,0.133411,3.488044,13703.539393,3.497899
720,0.001029,3.314406,0.138035,3.453470,13703.542856,3.463197
721,0.000854,3.463359,0.109872,3.574085,13703.546440,3.583832
722,0.000927,3.351332,0.098949,3.451208,13703.549901,3.460913
723,0.000931,3.321517,0.137019,3.459467,13703.553370,3.469109
724,0.000977,3.325003,0.142686,3.468666,13703.556848,3.478236
725,0.000930,3.641856,0.175450,3.818236,13703.560677,3.828128
726,0.001939,3.389635,0.137932,3.529506,13703.564225,3.548239
727,0.001160,3.323595,0.133081,3.457836,13703.567693,3.467843
728,0.001014,3.350186,0.133635,3.484835,13703.571187,3.494576
729,0.000931,3.316067,0.136032,3.453030,13703.574650,3.462759
730,0.000956,3.303605,0.071643,3.376204,13703.578036,3.385986
731,0.000891,3.358715,0.137734,3.497340,13703.581543,3.507273
732,0.000916,3.308840,0.067280,3.377036,13703.584930,3.386812
733,0.000899,3.347873,0.138707,3.487479,13703.588427,3.496945
734,0.000906,3.355058,0.107316,3.463280,13703.591900,3.472887
735,0.000836,3.322511,0.141049,3.464396,13703.595374,3.474326
736,0.000876,3.335251,0.141879,3.478006,13703.598862,3.487710
737,0.000879,3.357129,0.138071,3.496079,13703.602368,3.505937
738,0.001099,3.310433,0.152579,3.464111,13703.605842,3.473783
739,0.000861,3.320298,0.101068,3.422227,13703.609274,3.432078
740,0.000868,3.318957,0.140254,3.460079,13703.612744,3.469865
741,0.000939,3.331668,0.135270,3.467877,13703.616221,3.477412
742,0.000856,3.315472,0.139557,3.455885,13703.619687,3.465596
743,0.000771,3.329005,0.137651,3.467427,13703.623164,3.477046
744,0.001154,3.311841,0.147138,3.460133,13703.626633,3.469716
745,0.001146,3.319142,0.069229,3.389517,13703.630032,3.398827
746,0.000934,3.311158,0.140451,3.452543,13703.633494,3.462303
747,0.000841,3.300206,0.096428,3.397475,13703.636901,3.406947
748,0.000734,3.327078,0.136264,3.464076,13703.640375,3.473735
749,0.000791,3.321815,0.133996,3.456602,13703.643841,3.466176
750,0.000750,3.353582,0.138807,3.493139,13703.647344,3.502820
751,0.000748,3.295611,0.132942,3.429301,13703.650783,3.438895
752,0.001261,3.296732,0.138446,3.436439,13703.654229,3.445968
753,0.000932,3.327206,0.137062,3.465200,13703.657704,3.474618
754,0.001552,3.613210,0.177055,3.791817,13703.661510,3.806153
755,0.001772,3.366730,0.067280,3.435782,13703.664963,3.453619
756,0.000818,3.325793,0.138427,3.465038,13703.668438,3.475081
757,0.001410,3.312290,0.132706,3.446406,13703.671895,3.456167
758,0.000944,3.319482,0.136862,3.457288,13703.675361,3.466694
759,0.000876,3.319982,0.135644,3.456502,13703.678827,3.466133
760,0.001018,3.293188,0.137901,3.432107,13703.682269,3.441677
761,0.000891,3.309780,0.134260,3.444931,13703.685731,3.461518
762,0.001190,3.344531,0.141497,3.487218,13703.689228,3.497256
763,0.000931,3.344865,0.141668,3.487464,13703.692725,3.497306
764,0.000851,3.322230,0.135695,3.458776,13703.696194,3.468427
765,0.000809,3.307059,0.144673,3.452541,13703.699656,3.461973
766,0.000832,3.306497,0.150120,3.457449,13703.703123,3.467162
767,0.000962,3.321177,0.135454,3.457593,13703.706590,3.467415
768,0.000924,3.314276,0.065110,3.380310,13703.709980,3.390000
769,0.001166,3.380965,0.149179,3.531310,13703.713521,3.540821
770,0.000930,3.315659,0.068315,3.384904,13703.716916,3.394554
771,0.000797,3.311504,0.134576,3.446877,13703.720372,3.456538
772,0.000898,3.320576,0.135747,3.457221,13703.723839,3.467028
773,0.000775,3.372557,0.146951,3.520283,13703.727369,3.529837
774,0.000787,3.362010,0.143649,3.506446,13703.730885,3.516247
775,0.000796,3.314059,0.155182,3.470037,13703.734365,3.480074
776,0.001455,3.345113,0.139060,3.485628,13703.737861,3.495410
777,0.000942,3.333647,0.140792,3.475381,13703.741346,3.484923
778,0.000778,3.310830,0.146102,3.457710,13703.744813,3.467281
779,0.000770,3.358732,0.134825,3.494327,13703.748317,3.503806
780,0.000776,3.308572,0.138041,3.447389,13703.751774,3.457024
781,0.000812,3.300164,0.138745,3.439721,13703.755223,3.449454
782,0.000812,3.322358,0.151148,3.474318,13703.758707,3.483713
783,0.000796,3.657492,0.180050,3.838338,13703.762555,3.848208
784,0.002456,3.479854,0.137651,3.619961,13703.766194,3.638837
785,0.000785,3.339181,0.134968,3.474934,13703.769679,3.484725
786,0.000864,3.327731,0.147319,3.475914,13703.773165,3.486179
787,0.000859,3.319029,0.134898,3.454786,13703.776629,3.464384
788,0.000791,3.313959,0.068684,3.383434,13703.780022,3.393168
789,0.000993,3.310699,0.146431,3.458123,13703.783490,3.467749
790,0.000757,3.327010,0.101175,3.428942,13703.786929,3.438357
791,0.000812,3.355786,0.140570,3.497168,13703.790435,3.506735
792,0.000985,3.322797,0.130046,3.453828,13703.793899,3.463491
793,0.000852,3.328053,0.138305,3.467210,13703.797376,3.476841
794,0.000847,3.283611,0.144873,3.429331,13703.800815,3.439068
795,0.000808,3.338022,0.138457,3.477287,13703.804302,3.486949
796,0.000844,3.333786,0.138233,3.472863,13703.807784,3.482592
797,0.000814,3.353587,0.136238,3.490639,13703.811285,3.500598
798,0.001331,3.361353,0.137144,3.499828,13703.814794,3.509335
799,0.000796,3.407522,0.103919,3.512237,13703.818316,3.521849
800,0.001033,3.313859,0.149300,3.464192,13703.821790,3.473849
801,0.000756,3.360772,0.138998,3.500526,13703.825300,3.510086
802,0.000817,3.343002,0.144967,3.488786,13703.828798,3.498499
803,0.000858,3.362758,0.103145,3.466761,13703.832275,3.476557
804,0.000790,3.328258,0.140034,3.469082,13703.835754,3.478658
805,0.000804,3.332165,0.139138,3.472107,13703.839235,3.481742
806,0.000853,3.326732,0.138395,3.465980,13703.842711,3.475743
807,0.000798,3.391169,0.162577,3.554544,13703.846275,3.564081
808,0.000983,3.411332,0.134489,3.546804,13703.849832,3.556583
809,0.000962,3.407194,0.140042,3.548198,13703.853389,3.557630
810,0.001168,3.324400,0.146273,3.471841,13703.856871,3.481445
811,0.000751,3.358858,0.135763,3.495372,13703.860376,3.505118
812,0.000790,3.625223,0.186775,3.812788,13703.864198,3.822377
813,0.001886,3.363955,0.140573,3.506414,13703.867723,3.524594
814,0.000868,3.357683,0.145158,3.503709,13703.871237,3.513723
815,0.000779,3.312178,0.134377,3.447334,13703.874694,3.457155
816,0.001033,3.309504,0.146723,3.457260,13703.878160,3.466668
817,0.000764,3.359500,0.137209,3.497473,13703.881668,3.507054
818,0.000785,3.308544,0.112929,3.422258,13703.885099,3.431913
819,0.001132,3.310832,0.138439,3.450403,13703.888560,3.460286
820,0.000838,3.316742,0.065496,3.383076,13703.891953,3.392806
821,0.000861,3.317777,0.146896,3.465534,13703.895428,3.475270
822,0.000833,3.353283,0.104470,3.458586,13703.898896,3.468255
823,0.000814,3.343315,0.136593,3.480722,13703.902386,3.490419
824,0.000852,3.335198,0.141927,3.477977,13703.905874,3.487455
825,0.000851,3.316165,0.132410,3.449426,13703.909333,3.459235
826,0.000793,3.372361,0.160631,3.533785,13703.912877,3.543408
827,0.001043,3.320267,0.132467,3.453777,13703.916340,3.463556
828,0.000828,3.359105,0.138001,3.497934,13703.919848,3.507451
829,0.000857,3.362376,0.135119,3.498352,13703.923356,3.508076
830,0.000873,3.316279,0.148024,3.465176,13703.926831,3.474984
831,0.000774,3.377136,0.133024,3.510934,13703.930351,3.520486
832,0.001308,3.351899,0.137170,3.490377,13703.933851,3.500177
833,0.000900,3.304235,0.136408,3.441543,13703.937302,3.451069
834,0.000836,3.317657,0.139376,3.457869,13703.940770,3.467268
835,0.000823,3.355482,0.136476,3.492781,13703.944272,3.502352
836,0.000786,3.326008,0.136734,3.463528,13703.947745,3.473185
837,0.000796,3.376311,0.135016,3.512123,13703.951267,3.521887
838,0.000785,3.315708,0.142540,3.459033,13703.954736,3.468590
839,0.000975,3.344699,0.137761,3.483435,13703.958229,3.493121
840,0.000934,3.357128,0.146603,3.504665,13703.961743,3.514599
841,0.000860,3.574357,0.174668,3.749885,13703.965503,3.760127
842,0.001446,3.385773,0.071539,3.458758,13703.968979,3.475969
843,0.000751,3.322652,0.142525,3.465928,13703.972455,3.475718
844,0.000893,3.312302,0.099354,3.412549,13703.975878,3.422538
845,0.000775,3.318723,0.139063,3.458561,13703.979346,3.467982
846,0.000885,3.363321,0.138940,3.503146,13703.982858,3.512766
847,0.000917,3.318659,0.134282,3.453858,13703.986322,3.463838
848,0.000957,3.320909,0.136693,3.458559,13703.989791,3.468210
849,0.000962,3.352459,0.137483,3.490904,13703.993291,3.500705
850,0.000822,3.392972,0.139790,3.533584,13703.996835,3.543453
851,0.001129,3.348070,0.160778,3.509977,13704.000355,3.519831
852,0.000864,3.317831,0.137839,3.456534,13704.003821,3.466590
853,0.000774,3.329534,0.133954,3.464262,13704.007295,3.473881
854,0.000967,3.303581,0.137346,3.441894,13704.010747,3.451519
855,0.000750,3.339989,0.141498,3.482237,13704.014239,3.492124
856,0.000934,3.308481,0.137653,3.447068,13704.017695,3.456670
857,0.000854,3.307731,0.145104,3.453689,13704.021158,3.463117
858,0.000806,3.321169,0.140140,3.462115,13704.024630,3.471532
859,0.000690,3.339588,0.104259,3.444537,13704.028084,3.454355
860,0.000794,3.359246,0.133374,3.493414,13704.031587,3.502941
861,0.000883,3.313876,0.064159,3.378918,13704.034981,3.393777
862,0.000799,3.354563,0.136995,3.492357,13704.038483,3.501885
863,0.000850,3.319472,0.099840,3.420162,13704.041913,3.429857
864,0.000933,3.323316,0.140792,3.465041,13704.045388,3.474766
865,0.000938,3.354616,0.131616,3.487170,13704.048885,3.497006
866,0.000817,3.308742,0.139174,3.448733,13704.052343,3.458401
867,0.000802,3.303203,0.138840,3.442845,13704.055795,3.452451
868,0.000864,3.352989,0.139448,3.493301,13704.059304,3.508245
869,0.000861,3.384989,0.171019,3.556869,13704.062870,3.566563
870,0.001898,6.302750,0.183223,6.487871,13704.069374,6.503603
871,0.001975,3.488830,0.071847,3.562652,13704.072955,3.581209
872,0.001052,3.370800,0.143349,3.515201,13704.076481,3.526043
873,0.001016,3.426041,0.065068,3.492125,13704.079983,3.502151
874,0.000783,3.331313,0.142907,3.475003,13704.083468,3.484931
875,0.000754,3.382781,0.066410,3.449945,13704.086928,3.459641
876,0.000989,3.450394,0.139521,3.590904,13704.090528,3.600590
877,0.000854,3.419906,0.069181,3.489941,13704.094028,3.499612
878,0.000754,3.362084,0.137153,3.499991,13704.097538,3.509683
879,0.000803,3.330879,0.065670,3.397352,13704.100945,3.407108
880,0.001005,3.381148,0.140216,3.522369,13704.104477,3.531878
881,0.000832,3.360532,0.065548,3.426912,13704.107913,3.436427
882,0.000839,3.437372,0.140489,3.578700,13704.111501,3.588383
883,0.000837,3.320293,0.067083,3.388213,13704.114899,3.397967
884,0.000813,3.377160,0.137482,3.515455,13704.118425,3.525158
885,0.000737,3.352853,0.101688,3.455278,13704.121889,3.464703
886,0.000894,3.451118,0.140023,3.592035,13704.125491,3.601780
887,0.000841,3.399339,0.065295,3.465475,13704.128966,3.475202
888,0.001040,3.349222,0.137250,3.487512,13704.132463,3.496850
889,0.000854,3.312559,0.104659,3.418072,13704.135891,3.427803
890,0.000781,3.350377,0.141742,3.492900,13704.139393,3.502416
891,0.000767,3.374830,0.103675,3.479272,13704.142882,3.488799
892,0.000781,3.418613,0.141450,3.560844,13704.146452,3.570371
893,0.000787,3.342618,0.095146,3.438551,13704.149901,3.448211
894,0.001116,3.373098,0.139269,3.513483,13704.153424,3.523105
895,0.000806,3.371577,0.094228,3.466611,13704.156900,3.476310
896,0.001006,3.318137,0.146016,3.465159,13704.160375,3.474955
897,0.000819,3.360890,0.080224,3.441933,13704.163827,3.451421
898,0.001540,3.643283,0.178375,3.823198,13704.167661,3.834523
899,0.001612,3.365606,0.141167,3.508385,13704.171187,3.525616
900,0.000763,3.367502,0.138686,3.506951,13704.174704,3.516936
901,0.000764,3.352430,0.137202,3.490396,13704.178204,3.500168
902,0.000817,3.357782,0.142418,3.501017,13704.181715,3.510963
903,0.000830,3.369007,0.136164,3.506001,13704.185230,3.515698
904,0.000981,3.342042,0.133490,3.476513,13704.188717,3.486388
905,0.001091,3.431554,0.142421,3.575066,13704.192302,3.584784
906,0.000831,3.462288,0.108233,3.571352,13704.195883,3.580950
907,0.000840,3.505068,0.137618,3.643526,13704.199536,3.653291
908,0.000879,3.442036,0.173022,3.615937,13704.203162,3.625725
909,0.000988,3.322482,0.140992,3.464462,13704.206636,3.474166
910,0.000868,3.345186,0.101639,3.447693,13704.210093,3.457595
911,0.000885,3.386138,0.136638,3.523661,13704.213627,3.533546
912,0.000982,3.310215,0.068673,3.379870,13704.217017,3.389808
913,0.000884,3.349493,0.151934,3.502311,13704.220529,3.512105
914,0.000959,3.383093,0.066600,3.450652,13704.223989,3.460428
915,0.005651,3.355897,0.140541,3.502089,13704.227501,3.512009
916,0.000837,3.341685,0.065443,3.407965,13704.230919,3.417777
917,0.000840,3.378421,0.134801,3.514062,13704.234443,3.523819
918,0.000905,3.450383,0.066663,3.517951,13704.237970,3.527544
919,0.000901,3.375270,0.226929,3.603100,13704.241584,3.613329
920,0.001079,3.346847,0.070072,3.417998,13704.245021,3.437458
921,0.000825,3.449090,0.138724,3.588639,13704.248620,3.598430
922,0.000844,3.358456,0.113284,3.472584,13704.252102,3.482144
923,0.000863,3.351734,0.141077,3.493674,13704.255605,3.503432
924,0.000827,3.321557,0.069286,3.391670,13704.259007,3.401405
925,0.000814,3.407060,0.141831,3.549705,13704.262566,3.559442
926,0.000811,3.487406,0.189302,3.677519,13704.266253,3.687328
927,0.001846,3.573890,0.087308,3.663044,13704.269934,3.680825
928,0.001221,3.351409,0.139143,3.491773,13704.273439,3.505120
929,0.000807,3.314877,0.131853,3.447537,13704.276897,3.458153
930,0.000849,3.393445,0.136009,3.530303,13704.280438,3.540195
931,0.000857,3.306540,0.140925,3.448322,13704.283896,3.458411
932,0.000867,3.405302,0.137260,3.543429,13704.287449,3.552981
933,0.000808,3.370245,0.096576,3.467629,13704.290926,3.477128
934,0.000784,3.348014,0.136776,3.485574,13704.294421,3.495157
935,0.000791,3.317793,0.131974,3.450558,13704.297882,3.460306
936,0.000982,3.380069,0.135725,3.516776,13704.301408,3.526444
937,0.000767,3.304517,0.144240,3.449524,13704.304867,3.459044
938,0.000868,3.362561,0.137924,3.501353,13704.308394,3.527326
939,0.000861,3.338726,0.132206,3.471793,13704.311876,3.481519
940,0.000801,3.381654,0.138132,3.520587,13704.315406,3.529893
941,0.001027,3.312179,0.144700,3.457906,13704.318873,3.467642
942,0.000866,3.341093,0.132108,3.474067,13704.322357,3.483834
943,0.000827,3.316462,0.138148,3.455437,13704.325822,3.464892
944,0.000963,3.353321,0.135878,3.490162,13704.329322,3.499928
945,0.000879,3.360094,0.137697,3.498670,13704.332831,3.508648
946,0.000789,3.345117,0.139326,3.485232,13704.336326,3.494749
947,0.000810,3.395787,0.133887,3.530484,13704.339866,3.540261
948,0.000799,3.375791,0.140248,3.516838,13704.343392,3.526396
949,0.000785,3.315325,0.117172,3.433282,13704.346835,3.442640
950,0.000893,3.310492,0.134457,3.445842,13704.350290,3.455538
951,0.000839,3.344010,0.136091,3.480940,13704.353781,3.490545
952,0.000964,3.363855,0.137647,3.502466,13704.357293,3.511773
953,0.000832,3.343895,0.140795,3.485522,13704.360788,3.495005
954,0.000718,3.422563,0.138659,3.561940,13704.364359,3.571372
955,0.001114,3.544227,0.122425,3.667766,13704.368036,3.677394
956,0.001876,3.366778,0.170635,3.539289,13704.371594,3.557632
957,0.000849,3.322725,0.067091,3.390665,13704.374994,3.400428
958,0.000832,3.309571,0.139668,3.450071,13704.378459,3.464777
959,0.000777,3.352258,0.091847,3.444882,13704.381914,3.454496
960,0.000983,3.352635,0.145278,3.498896,13704.385422,3.508623
961,0.000728,3.309711,0.138027,3.448466,13704.388880,3.457897
962,0.000780,3.394861,0.164820,3.560461,13704.392451,3.570403
963,0.000805,3.342005,0.096691,3.439501,13704.395900,3.449213
964,0.000796,3.363281,0.134982,3.499059,13704.399409,3.508681
965,0.000924,3.373428,0.126309,3.500661,13704.402919,3.510527
966,0.000752,3.363057,0.133286,3.497095,13704.406426,3.506939
967,0.000792,3.347480,0.102338,3.450610,13704.409887,3.460481
968,0.000891,3.427525,0.141709,3.570125,13704.413466,3.579762
969,0.000966,3.345228,0.095640,3.441834,13704.416918,3.451511
970,0.000878,3.324119,0.139658,3.464655,13704.420392,3.474139
971,0.001048,3.320730,0.136524,3.458302,13704.423860,3.467940
972,0.000838,3.409838,0.138087,3.548763,13704.427418,3.558215
973,0.000850,3.334557,0.134242,3.469649,13704.430905,3.486419
974,0.001306,3.346905,0.136077,3.484288,13704.434399,3.494172
975,0.000877,3.339252,0.138203,3.478332,13704.437886,3.487799
976,0.001079,3.363911,0.136619,3.501609,13704.441398,3.511143
977,0.000943,3.312939,0.137017,3.450899,13704.444858,3.460573
978,0.000794,3.320931,0.140338,3.462063,13704.448330,3.471564
979,0.000830,3.309080,0.139212,3.449122,13704.451789,3.458847
980,0.000809,3.389345,0.135342,3.525496,13704.455324,3.535198
981,0.001044,3.380176,0.142988,3.524208,13704.458858,3.533755
982,0.000810,3.343423,0.142944,3.487177,13704.462354,3.496939
983,0.000812,3.383939,0.132859,3.517610,13704.465882,3.527095
984,0.000951,3.602559,0.178851,3.782361,13704.469674,3.792072
985,0.001606,3.383953,0.140668,3.526227,13704.473218,3.544013
986,0.001219,3.317378,0.136355,3.454952,13704.476683,3.465158
987,0.000835,3.335562,0.139527,3.475924,13704.480168,3.485524
988,0.000842,3.412881,0.135598,3.549321,13704.483727,3.559056
989,0.000860,3.349316,0.138507,3.488683,13704.487226,3.498258
990,0.000865,3.321733,0.137825,3.460423,13704.490696,3.469924
991,0.001100,3.359720,0.134112,3.494932,13704.494200,3.504508
992,0.001645,3.344338,0.143167,3.489150,13704.497699,3.498756
993,0.000874,3.310458,0.141926,3.453258,13704.501162,3.462799
994,0.000787,3.310028,0.133921,3.444736,13704.504616,3.454384
995,0.000831,3.366550,0.104203,3.471584,13704.508097,3.480853
996,0.000831,3.342414,0.135437,3.478682,13704.511585,3.488391
997,0.001060,3.345054,0.070524,3.416638,13704.515011,3.425988
998,0.000829,3.382590,0.138712,3.522131,13704.518543,3.531975
999,0.001256,3.349596,0.065657,3.416509,13704.521969,3.426012
1000,0.000890,3.350024,0.143719,3.494633,13704.525473,3.504234
1001,0.000803,3.394103,0.066991,3.461897,13704.528945,3.471503
1002,0.000951,3.386679,0.137433,3.525063,13704.532480,3.535002
1003,0.000920,3.378674,0.066935,3.446529,13704.535936,3.456230
1004,0.000846,3.339589,0.145611,3.486046,13704.539432,3.495538
1005,0.000871,3.380699,0.094454,3.476024,13704.542917,3.485657
1006,0.000928,3.363350,0.135774,3.500052,13704.546427,3.509724
1007,0.000800,3.392541,0.066109,3.459450,13704.549896,3.469038
1008,0.000880,3.412022,0.137773,3.550675,13704.553456,3.560244
1009,0.000837,3.328191,0.104422,3.433450,13704.556900,3.443221
1010,0.000889,3.392920,0.158015,3.551824,13704.560461,3.561636
1011,0.000856,3.380320,0.067818,3.448994,13704.563920,3.458769
1012,0.000871,3.309543,0.136300,3.446714,13704.567377,3.456813
1013,0.000834,3.596333,0.160093,3.757260,13704.571144,3.767098
1014,0.001734,3.424016,0.138174,3.563924,13704.574726,3.581537
1015,0.000870,3.358903,0.139634,3.499407,13704.578235,3.509766
1016,0.000991,3.405044,0.141830,3.547865,13704.581793,3.557802
1017,0.000860,3.387293,0.142211,3.530364,13704.585333,3.540114
1018,0.000823,3.327737,0.142307,3.470867,13704.588814,3.480619
1019,0.000911,3.389720,0.137586,3.528217,13704.592352,3.537794
1020,0.001202,3.321155,0.146177,3.468534,13704.595830,3.478748
1021,0.001128,3.292871,0.138790,3.432789,13704.599273,3.442720
1022,0.000919,3.348905,0.143472,3.493296,13704.602776,3.503277
1023,0.000906,3.300285,0.137563,3.438754,13704.606225,3.448444
1024,0.001093,3.346329,0.139949,3.487371,13704.609722,3.497373
1025,0.000990,3.402558,0.110053,3.513601,13704.613246,3.523362
1026,0.000850,3.322049,0.138009,3.460908,13704.616716,3.470842
1027,0.000761,3.359364,0.138211,3.498336,13704.620225,3.508166
1028,0.000871,3.361363,0.134528,3.496762,13704.623731,3.506440
1029,0.000874,3.349938,0.140066,3.490878,13704.627232,3.500722
1030,0.000855,3.492217,0.143465,3.636537,13704.630878,3.646196
1031,0.000880,3.357905,0.142937,3.501722,13704.634389,3.511518
1032,0.001049,3.307812,0.136373,3.445234,13704.637844,3.454928
1033,0.001089,3.386100,0.138020,3.525209,13704.641379,3.534773
1034,0.000981,3.309784,0.139579,3.450344,13704.644839,3.460009
1035,0.000909,3.422137,0.139417,3.562463,13704.648411,3.572200
1036,0.001007,3.322782,0.135189,3.458978,13704.651880,3.468669
1037,0.001090,3.374200,0.138401,3.513691,13704.655403,3.523095
1038,0.000960,3.348893,0.131110,3.480963,13704.658894,3.490522
1039,0.000873,3.345074,0.146281,3.492228,13704.662395,3.501758
1040,0.001529,3.443685,0.067295,3.512509,13704.665922,3.526982
1041,0.001280,3.494381,0.226422,3.722083,13704.669654,3.731764
1042,0.002666,3.518718,0.165686,3.687070,13704.673383,3.729019
1043,0.001364,3.335468,0.136869,3.473701,13704.676872,3.488457
1044,0.000795,3.354625,0.142485,3.497905,13704.680379,3.507884
1045,0.000814,3.312382,0.143705,3.456901,13704.683846,3.466673
1046,0.000786,3.393647,0.136408,3.530841,13704.687387,3.540398
1047,0.000854,3.320394,0.137795,3.459043,13704.690855,3.468588
1048,0.000906,3.359878,0.148761,3.509545,13704.694374,3.519108
1049,0.000821,3.317098,0.141236,3.459155,13704.697843,3.468617
1050,0.000926,3.309812,0.138806,3.449544,13704.701302,3.459174
1051,0.000992,3.311146,0.139930,3.452068,13704.704764,3.461550
1052,0.000838,3.393378,0.142739,3.536955,13704.708310,3.546359
1053,0.000945,3.308055,0.138356,3.447356,13704.711767,3.456995
1054,0.000924,3.391800,0.136158,3.528882,13704.715306,3.538577
1055,0.001013,3.349727,0.135981,3.486721,13704.718802,3.496319
1056,0.000991,3.379619,0.137337,3.517947,13704.722329,3.527554
1057,0.000832,3.395889,0.108120,3.504841,13704.725844,3.514318
1058,0.000932,3.430739,0.159907,3.591578,13704.729446,3.601876
1059,0.000754,3.388862,0.067641,3.457257,13704.732912,3.466813
1060,0.000831,3.383604,0.139689,3.524124,13704.736446,3.533825
1061,0.000795,3.423036,0.069572,3.493403,13704.739949,3.503141
1062,0.000781,3.405215,0.140255,3.546251,13704.743505,3.555870
1063,0.000955,3.429857,0.071089,3.501901,13704.747017,3.511519
1064,0.001240,3.323014,0.139068,3.463322,13704.750490,3.473138
1065,0.000991,3.345957,0.068511,3.415459,13704.753915,3.425333
1066,0.001102,3.326024,0.139445,3.466571,13704.757392,3.476348
1067,0.000910,3.307210,0.137449,3.445569,13704.760847,3.455360
1068,0.000849,3.434454,0.136241,3.571544,13704.764428,3.581243
1069,0.000844,3.429071,0.068162,3.498077,13704.767936,3.507905
1070,0.000771,5.636720,0.229004,5.866495,13704.773812,5.876181
1071,0.002621,3.634034,0.167328,3.803983,13704.777639,3.826915
1072,0.001465,3.357865,0.103962,3.463292,13704.781119,3.479537
1073,0.000862,3.319083,0.147239,3.467184,13704.784596,3.477088
1074,0.000866,3.310355,0.065956,3.377177,13704.787983,3.387065
1075,0.000797,3.309125,0.149823,3.459745,13704.791452,3.469394
1076,0.000880,3.312618,0.127961,3.441459,13704.794903,3.451068
1077,0.000855,3.361035,0.138021,3.499911,13704.798413,3.509632
1078,0.000948,3.340222,0.132576,3.473746,13704.801897,3.483643
1079,0.000874,3.319185,0.133803,3.453862,13704.805360,3.463703
1080,0.000900,3.333419,0.138403,3.472722,13704.808843,3.482206
1081,0.000877,3.317728,0.139981,3.458586,13704.812311,3.468279
1082,0.000858,3.347327,0.141695,3.489880,13704.815810,3.499619
1083,0.000789,3.316300,0.139990,3.457079,13704.819277,3.467091
1084,0.000820,3.311844,0.140834,3.453498,13704.822741,3.463298
1085,0.000958,3.315443,0.138055,3.454456,13704.826205,3.464019
1086,0.000741,3.331512,0.139397,3.471650,13704.829686,3.481271
1087,0.000819,3.354558,0.133836,3.489213,13704.833185,3.498987
1088,0.001206,3.304115,0.135340,3.440661,13704.836635,3.450266
1089,0.000716,3.311766,0.070779,3.383261,13704.840028,3.392954
1090,0.000823,3.307592,0.140369,3.448784,13704.843487,3.458797
1091,0.001151,3.313085,0.095014,3.409250,13704.846906,3.419096
1092,0.000891,3.310382,0.141840,3.453113,13704.850369,3.463119
1093,0.000791,3.301184,0.134447,3.436422,13704.853816,3.446207
1094,0.000760,3.321026,0.139875,3.461661,13704.857287,3.471451
1095,0.000905,3.304843,0.139131,3.444879,13704.860742,3.454646
1096,0.000949,3.317106,0.138755,3.456810,13704.864208,3.466507
1097,0.000779,3.307508,0.141466,3.449753,13704.867668,3.459587
1098,0.000820,3.325977,0.115952,3.442749,13704.871120,3.452462
1099,0.000872,3.526181,0.175687,3.702740,13704.874832,3.712201
1100,0.001486,3.403138,0.144727,3.549351,13704.878399,3.566533
1101,0.000855,3.347063,0.133924,3.481842,13704.881899,3.500057
1102,0.000967,3.394996,0.141709,3.537672,13704.885446,3.547311
1103,0.000925,3.307919,0.129057,3.437901,13704.888895,3.448297
1104,0.000946,3.315019,0.134799,3.450764,13704.892355,3.460402
1105,0.001023,3.310640,0.149056,3.460719,13704.895826,3.470675
1106,0.000964,3.308922,0.136055,3.445941,13704.899282,3.455999
1107,0.000801,3.297134,0.136655,3.434590,13704.902726,3.444329
1108,0.000766,3.323814,0.139215,3.463795,13704.906199,3.473388
1109,0.000842,3.363654,0.137768,3.502264,13704.909711,3.511942
1110,0.000956,3.401478,0.187319,3.589753,13704.913311,3.599441
1111,0.000816,3.311253,0.134626,3.446695,13704.916767,3.456246
1112,0.000994,3.309881,0.137840,3.448715,13704.920225,3.458273
1113,0.000922,3.314573,0.138550,3.454045,13704.923689,3.463650
1114,0.001285,3.342648,0.147373,3.491306,13704.927190,3.500936
1115,0.000822,3.378697,0.137243,3.516762,13704.930716,3.526238
1116,0.000783,3.411713,0.136354,3.548850,13704.934275,3.558585
1117,0.000948,3.305650,0.138224,3.444822,13704.937729,3.454487
1118,0.000852,3.396612,0.138937,3.536401,13704.941275,3.546103
1119,0.000850,3.311623,0.133960,3.446433,13704.944732,3.456296
1120,0.000988,3.349102,0.135081,3.485171,13704.948226,3.494841
1121,0.000825,3.304488,0.141424,3.446737,13704.951683,3.456476
1122,0.000802,3.312886,0.099947,3.413635,13704.955106,3.423375
1123,0.000819,3.317013,0.134793,3.452625,13704.958568,3.462019
1124,0.000791,3.308100,0.065797,3.374688,13704.961953,3.384431
1125,0.000783,3.364738,0.141469,3.506990,13704.965469,3.516538
1126,0.000710,3.308640,0.102405,3.411755,13704.968891,3.421478
1127,0.000707,3.343763,0.174147,3.518617,13704.972419,3.528186
1128,0.001094,3.537854,0.151004,3.689952,13704.976118,3.699457
1129,0.001323,3.388072,0.174759,3.564154,13704.979702,3.583476
1130,0.000776,3.357702,0.141505,3.499983,13704.983212,3.509897
1131,0.000881,3.344116,0.136066,3.481063,13704.986702,3.490676
1132,0.000824,3.355526,0.137828,3.494178,13704.990206,3.503967
1133,0.000829,3.310106,0.140872,3.451807,13704.993668,3.461645
1134,0.000797,3.362852,0.136089,3.499738,13704.997177,3.509454
1135,0.001072,3.309154,0.140704,3.450930,13705.000638,3.460737
1136,0.000911,3.361326,0.102884,3.465121,13705.004113,3.474494
1137,0.000893,3.344061,0.136526,3.481480,13705.007604,3.491055
1138,0.000843,3.392283,0.098599,3.491725,13705.011105,3.501561
1139,0.000769,3.428549,0.138087,3.567405,13705.014682,3.576851
1140,0.000777,3.397219,0.141579,3.539575,13705.018231,3.549056
1141,0.000776,3.363475,0.140986,3.505237,13705.021746,3.515106
1142,0.000880,3.338083,0.136262,3.475225,13705.025231,3.484859
1143,0.000797,3.307083,0.138642,3.446522,13705.028687,3.456152
1144,0.000965,3.357791,0.138779,3.497535,13705.032194,3.507119
1145,0.000801,3.309791,0.134760,3.445352,13705.035649,3.454906
1146,0.000791,3.391290,0.142074,3.534155,13705.039193,3.544077
1147,0.000770,3.314601,0.136270,3.451641,13705.042655,3.461438
1148,0.000827,3.373284,0.132069,3.506180,13705.046171,3.515653
1149,0.000810,3.340815,0.146460,3.488085,13705.049668,3.497584
1150,0.000842,3.347265,0.133765,3.481872,13705.053160,3.491445
1151,0.000735,3.306887,0.136270,3.443892,13705.056613,3.453450
1152,0.000894,3.337517,0.069287,3.407698,13705.060030,3.417302
1153,0.000812,3.309300,0.138885,3.448997,13705.063489,3.458601
1154,0.000785,3.340971,0.066376,3.408132,13705.066907,3.417806
1155,0.000814,3.356909,0.139122,3.496845,13705.070413,3.506523
1156,0.000729,3.549182,0.156311,3.706222,13705.074129,3.715862
1157,0.002175,3.662632,0.135755,3.800562,13705.077949,3.819608
1158,0.001590,3.333916,0.139328,3.474834,13705.081440,3.491788
1159,0.000844,3.318086,0.126256,3.445186,13705.084896,3.455832
1160,0.001074,3.313947,0.154658,3.469679,13705.088376,3.479389
1161,0.000900,3.309807,0.139692,3.450399,13705.091836,3.460402
1162,0.000945,3.310979,0.136284,3.448208,13705.095294,3.458109
1163,0.000800,3.366448,0.134684,3.501932,13705.098806,3.511738
1164,0.000832,3.315171,0.063732,3.379735,13705.102195,3.389274
1165,0.000922,3.302109,0.145140,3.448171,13705.105653,3.457743
1166,0.000838,3.362870,0.189073,3.552781,13705.109216,3.562543
1167,0.000899,3.314703,0.136268,3.451870,13705.112677,3.461536
1168,0.000988,3.350513,0.136666,3.488167,13705.116175,3.497608
1169,0.000771,3.307549,0.143143,3.451463,13705.119636,3.460986
1170,0.000787,3.346812,0.108422,3.456021,13705.123101,3.465414
1171,0.000770,3.311376,0.138274,3.450420,13705.126561,3.459988
1172,0.000822,3.313298,0.167106,3.481226,13705.130052,3.490792
1173,0.000790,3.304669,0.138182,3.443641,13705.133505,3.453244
1174,0.000788,3.307651,0.097230,3.405669,13705.136920,3.415230
1175,0.000781,3.314885,0.226703,3.542369,13705.140472,3.551653
1176,0.000996,3.328874,0.093893,3.423763,13705.143906,3.433728
1177,0.000878,3.328009,0.137616,3.466503,13705.147382,3.476106
1178,0.000866,3.305281,0.181776,3.487923,13705.150880,3.497823
1179,0.000842,3.352046,0.136220,3.489108,13705.154378,3.498729
1180,0.000775,3.314311,0.139172,3.454258,13705.157842,3.463801
1181,0.000882,3.417023,0.136240,3.554145,13705.161406,3.563673
1182,0.000864,3.388182,0.092261,3.481307,13705.164897,3.491090
1183,0.000854,3.349356,0.140838,3.491048,13705.168398,3.500761
1184,0.000912,3.343080,0.131229,3.475221,13705.171882,3.484691
1185,0.000831,3.619826,0.193294,3.813951,13705.175706,3.823671
1186,0.002139,3.424359,0.139740,3.566238,13705.179295,3.589107
1187,0.000895,3.321243,0.133488,3.455626,13705.182761,3.465761
1188,0.000908,3.400388,0.137686,3.538982,13705.186310,3.549110
1189,0.000850,3.313939,0.139372,3.454161,13705.189774,3.463984
1190,0.000837,3.306621,0.131142,3.438600,13705.193222,3.448102
1191,0.000790,3.401221,0.146393,3.548404,13705.196780,3.558143
1192,0.000982,3.297230,0.134743,3.432955,13705.200223,3.442697
1193,0.000999,3.306264,0.142110,3.449373,13705.203682,3.459014
1194,0.001044,3.388882,0.142087,3.532013,13705.207223,3.541493
1195,0.001081,3.311504,0.135084,3.447669,13705.210681,3.457342
1196,0.000811,3.401524,0.137635,3.539970,13705.214230,3.549415
1197,0.000825,3.299215,0.135936,3.435976,13705.217676,3.445492
1198,0.000858,3.356090,0.136764,3.493712,13705.221179,3.503359
1199,0.000872,3.343084,0.142825,3.486781,13705.224676,3.496750
